9.019402985074627122e-01
9.019402985074627122e-01
9.019402985074627122e-01
8.238805970149253310e-01
5.577611940298506932e-01
3.608955223880597196e-01
3.098507462686567182e-01
2.526865671641790878e-01
2.379104477611940216e-01
2.198507462686567215e-01
2.088059701492537279e-01
1.976119402985074547e-01
1.914925373134328257e-01
1.811940298507462577e-01
1.753731343283582156e-01
1.650746268656716476e-01
1.629850746268656780e-01
1.531343283582089487e-01
1.531343283582089487e-01
1.440298507462686450e-01
