9.007462686567163646e-01
6.868656716417910202e-01
4.453731343283582333e-01
3.040298507462686484e-01
2.308955223880597152e-01
1.883582089552238714e-01
1.644776119402985015e-01
1.459701492537313350e-01
1.350746268656716487e-01
1.246268656716417872e-01
1.126865671641791022e-01
1.035820895522388124e-01
9.731343283582088999e-02
9.089552238805970186e-02
8.492537313432835244e-02
8.059701492537313383e-02
7.611940298507462177e-02
7.000000000000000666e-02
6.716417910447761153e-02
6.179104477611940122e-02
