9.019402985074627122e-01
9.017910447761193771e-01
7.885074626865671288e-01
5.319402985074627166e-01
3.631343283582089687e-01
2.841791044776119657e-01
2.343283582089552286e-01
2.071641791044776248e-01
1.902985074626865614e-01
1.782089552238806107e-01
1.653731343283582067e-01
1.586567164179104594e-01
1.485074626865671710e-01
1.397014925373134264e-01
1.338805970149253843e-01
1.274626865671641684e-01
1.226865671641791111e-01
1.207462686567164212e-01
1.153731343283582039e-01
1.108955223880597057e-01
