9.019402985074627122e-01
8.432835820895522305e-01
5.750746268656716786e-01
3.864179104477611926e-01
2.849253731343283635e-01
2.252238805970149249e-01
1.923880597014925309e-01
1.716417910447761153e-01
1.600000000000000033e-01
1.482089552238805841e-01
1.394029850746268673e-01
1.271641791044776093e-01
1.194029850746268634e-01
1.126865671641791022e-01
1.061194029850746207e-01
1.014925373134328290e-01
9.597014925373134608e-02
9.119402985074627488e-02
8.805970149253730672e-02
8.343283582089552897e-02
