8.768656716417910779e-01
5.565671641791044566e-01
3.565671641791045010e-01
2.510447761194030125e-01
1.956716417910447647e-01
1.635820895522387963e-01
1.408955223880596908e-01
1.243283582089552280e-01
1.125373134328358227e-01
1.028358208955223868e-01
9.253731343283581878e-02
8.522388059701492546e-02
7.805970149253731172e-02
7.388059701492537268e-02
6.910447761194030147e-02
6.402985074626865725e-02
6.014925373134328429e-02
5.656716417910447742e-02
5.328358208955223663e-02
5.119402985074626711e-02
